00 01 02 03 04 05 06 07 08 09 0a 0b 0c 0d 0e 0f 10 11 12 13 14 15 16 17 18 19 1a 1b 1c 1d 1e 1f 20 21 22 23 24 25 26 27 28 29 2a 2b 2c 2d 2e 2f 30 31 32 33 34 35 36 37 38 39 3a 3b 3c 3d 3e 3f
-----------------------------------------------------------------------------------------------------------------------------------------------------------------------------------------------
f0 02 00 00 00 00 00 00 00 00 00 00 00 00 00 00 00 00 00 00 00 00 00 00 00 00 00 00 00 00 00 00 00 00 00 00 00 00 00 00 00 00 00 00 00 00 00 00 00 00 00 00 00 00 00 00 00 00 00 00 00 00 00 00
f0 02 00 00 00 00 00 00 00 00 00 00 00 00 00 00 00 00 00 00 00 00 00 00 00 00 00 00 00 00 00 00 00 00 00 00 00 00 00 00 00 00 00 00 00 00 00 00 00 00 00 00 00 00 00 00 00 00 00 00 00 00 00 00
f0 02 00 00 00 00 00 00 00 00 00 00 00 00 00 00 00 00 00 00 00 00 00 00 00 00 00 00 00 00 00 00 00 00 00 00 00 00 00 00 00 00 00 00 00 00 00 00 00 00 00 00 00 00 00 00 00 00 00 00 00 00 00 00
f0 00 01 38 0f bf 00 00 02 01 00 00 c3 29 20 00 00 b0 00 00 00 00 00 00 00 00 00 00 00 00 00 10 00 e7 77 cf 70 e7 77 cf f0 e7 77 cf f0 e7 77 cf 70 e7 77 cf 70 e7 77 cf 70 00 00 00 00 00 00 00
f0 00 02 38 00 00 00 00 00 00 00 00 00 00 00 00 00 00 00 00 00 00 00 00 00 00 00 00 00 00 00 00 00 00 00 00 00 00 00 00 00 00 00 00 00 00 00 00 00 00 00 00 00 00 00 00 00 00 00 00 00 00 00 00
f0 00 03 38 00 00 00 00 00 00 00 00 00 00 00 00 00 00 00 00 00 00 00 00 00 00 00 00 00 00 00 00 00 00 00 00 00 00 00 00 00 00 00 00 00 00 00 00 00 00 00 00 00 00 00 00 00 00 00 00 00 00 00 00
f0 00 04 2a 00 00 00 00 00 00 00 00 00 00 00 00 00 00 00 00 00 00 00 00 00 00 00 00 00 0f bf 00 00 03 01 00 00 c3 29 20 00 00 00 00 00 00 00 00 00 00 00 00 00 00 00 00 00 00 00 00 00 00 00 00
f0 00 05 38 0f bf 00 00 02 01 00 00 d8 29 20 00 00 b0 00 00 00 00 00 00 00 00 00 00 00 00 30 00 00 e3 13 c0 70 e3 23 c0 70 e3 33 c0 70 e7 57 c0 70 e7 67 c0 70 e3 33 c0 70 00 00 00 00 00 00 00
f0 00 06 38 00 00 00 00 00 00 00 00 00 00 00 00 00 00 00 00 00 00 00 00 00 00 00 00 00 00 00 00 00 00 00 00 00 00 00 00 00 00 00 00 00 00 00 00 00 00 00 00 00 00 00 00 00 00 00 00 00 00 00 00
f0 00 07 38 00 00 00 00 00 00 00 00 00 00 00 00 00 00 00 00 00 00 00 00 00 00 00 00 00 00 00 00 00 00 00 00 00 00 00 00 00 00 00 00 00 00 00 00 00 00 00 00 00 00 00 00 00 00 00 00 00 00 00 00
f0 00 08 2a 00 00 00 00 00 00 00 00 00 00 00 00 00 00 00 00 00 00 00 00 00 00 00 00 00 0f bf 00 00 03 01 00 00 d8 29 20 00 00 00 00 00 00 00 00 00 00 00 00 00 00 00 00 00 00 00 00 00 00 00 00
f0 00 09 38 0f bf 00 00 02 01 00 00 39 48 20 00 00 b0 00 00 00 00 00 00 00 00 00 00 00 00 30 00 00 c3 13 c0 70 c3 23 c0 70 c3 33 c0 70 e7 57 c0 70 e7 67 c0 70 c3 33 c0 70 00 00 00 00 00 00 00
f0 00 0a 38 00 00 00 00 00 00 00 00 00 00 00 00 00 00 00 00 00 00 00 00 00 00 00 00 00 00 00 00 00 00 00 00 00 00 00 00 00 00 00 00 00 00 00 00 00 00 00 00 00 00 00 00 00 00 00 00 00 00 00 00
f0 00 0b 38 00 00 00 00 00 00 00 00 00 00 00 00 00 00 00 00 00 00 00 00 00 00 00 00 00 00 00 00 00 00 00 00 00 00 00 00 00 00 00 00 00 00 00 00 00 00 00 00 00 00 00 00 00 00 00 00 00 00 00 00
f0 00 0c 2a 00 00 00 00 00 00 00 00 00 00 00 00 00 00 00 00 00 00 00 00 00 00 00 00 00 0f bf 00 00 03 01 00 00 39 48 20 00 00 00 00 00 00 00 00 00 00 00 00 00 00 00 00 00 00 00 00 00 00 00 00
f0 00 0d 38 0f bf 00 00 02 01 00 00 b5 4a 20 00 00 b0 00 00 00 00 00 00 00 00 00 00 00 20 30 00 00 c3 13 c0 70 e3 23 c0 70 e3 33 c0 70 c7 57 c0 70 e7 67 c0 70 e3 33 c0 70 00 00 00 00 00 00 00
f0 00 0e 38 00 00 00 00 00 00 00 00 00 00 00 00 00 00 00 00 00 00 00 00 00 00 00 00 00 00 00 00 00 00 00 00 00 00 00 00 00 00 00 00 00 00 00 00 00 00 00 00 00 00 00 00 00 00 00 00 00 00 00 00
f0 00 0f 38 00 00 00 00 00 00 00 00 00 00 00 00 00 00 00 00 00 00 00 00 00 00 00 00 00 00 00 00 00 00 00 00 00 00 00 00 00 00 00 00 00 00 00 00 00 00 00 00 00 00 00 00 00 00 00 00 00 00 00 00
f0 00 10 2a 00 00 00 00 00 00 00 00 00 00 00 00 00 00 00 00 00 00 00 00 00 00 00 00 00 0f bf 00 00 03 01 00 00 b5 4a 20 00 00 00 00 00 00 00 00 00 00 00 00 00 00 00 00 00 00 00 00 00 00 00 00
f0 00 11 38 0f bf 00 00 02 01 00 00 71 4b 20 00 00 b0 00 00 00 00 00 00 00 00 00 00 00 20 30 00 00 c3 13 c0 70 c3 23 c0 70 e3 33 c0 70 e7 57 c0 70 e7 67 c0 70 e3 33 c0 70 00 00 00 00 00 00 00
f0 00 12 38 00 00 00 00 00 00 00 00 00 00 00 00 00 00 00 00 00 00 00 00 00 00 00 00 00 00 00 00 00 00 00 00 00 00 00 00 00 00 00 00 00 00 00 00 00 00 00 00 00 00 00 00 00 00 00 00 00 00 00 00
f0 00 13 38 00 00 00 00 00 00 00 00 00 00 00 00 00 00 00 00 00 00 00 00 00 00 00 00 00 00 00 00 00 00 00 00 00 00 00 00 00 00 00 00 00 00 00 00 00 00 00 00 00 00 00 00 00 00 00 00 00 00 00 00
f0 00 14 2a 00 00 00 00 00 00 00 00 00 00 00 00 00 00 00 00 00 00 00 00 00 00 00 00 00 0f bf 00 00 03 01 00 00 71 4b 20 00 00 00 00 00 00 00 00 00 00 00 00 00 00 00 00 00 00 00 00 00 00 00 00
f0 00 15 38 0f bf 00 00 02 01 00 00 7b 4c 20 00 00 b0 00 00 00 00 00 00 00 00 00 00 00 20 30 00 00 e3 13 c0 70 c3 23 c0 70 c3 33 c0 70 e7 57 c0 70 e7 67 c0 70 c3 33 c0 70 00 00 00 00 00 00 00
f0 00 16 38 00 00 00 00 00 00 00 00 00 00 00 00 00 00 00 00 00 00 00 00 00 00 00 00 00 00 00 00 00 00 00 00 00 00 00 00 00 00 00 00 00 00 00 00 00 00 00 00 00 00 00 00 00 00 00 00 00 00 00 00
f0 00 17 38 00 00 00 00 00 00 00 00 00 00 00 00 00 00 00 00 00 00 00 00 00 00 00 00 00 00 00 00 00 00 00 00 00 00 00 00 00 00 00 00 00 00 00 00 00 00 00 00 00 00 00 00 00 00 00 00 00 00 00 00
f0 00 18 2a 00 00 00 00 00 00 00 00 00 00 00 00 00 00 00 00 00 00 00 00 00 00 00 00 00 0f bf 00 00 03 01 00 00 7b 4c 20 00 00 00 00 00 00 00 00 00 00 00 00 00 00 00 00 00 00 00 00 00 00 00 00
f0 00 19 38 0f bf 00 00 02 01 00 00 45 4d 20 00 00 b0 00 00 00 00 00 00 00 00 00 00 00 20 30 00 00 e3 13 c0 70 c3 23 c0 70 e3 33 c0 70 e7 57 c0 70 c7 67 c0 70 e3 33 c0 70 00 00 00 00 00 00 00
f0 00 1a 38 00 00 00 00 00 00 00 00 00 00 00 00 00 00 00 00 00 00 00 00 00 00 00 00 00 00 00 00 00 00 00 00 00 00 00 00 00 00 00 00 00 00 00 00 00 00 00 00 00 00 00 00 00 00 00 00 00 00 00 00
f0 00 1b 38 00 00 00 00 00 00 00 00 00 00 00 00 00 00 00 00 00 00 00 00 00 00 00 00 00 00 00 00 00 00 00 00 00 00 00 00 00 00 00 00 00 00 00 00 00 00 00 00 00 00 00 00 00 00 00 00 00 00 00 00
f0 00 1c 2a 00 00 00 00 00 00 00 00 00 00 00 00 00 00 00 00 00 00 00 00 00 00 00 00 00 0f bf 00 00 03 01 00 00 45 4d 20 00 00 00 00 00 00 00 00 00 00 00 00 00 00 00 00 00 00 00 00 00 00 00 00
f0 00 1d 38 0f bf 00 00 02 01 00 00 10 4e 20 00 00 b0 00 00 00 00 00 00 00 00 00 00 00 20 30 00 00 e3 13 c0 70 e3 23 c0 70 e3 33 c0 70 e7 57 c0 70 c7 67 c0 70 e3 33 c0 70 00 00 00 00 00 00 00
f0 00 1e 38 00 00 00 00 00 00 00 00 00 00 00 00 00 00 00 00 00 00 00 00 00 00 00 00 00 00 00 00 00 00 00 00 00 00 00 00 00 00 00 00 00 00 00 00 00 00 00 00 00 00 00 00 00 00 00 00 00 00 00 00
f0 00 1f 38 00 00 00 00 00 00 00 00 00 00 00 00 00 00 00 00 00 00 00 00 00 00 00 00 00 00 00 00 00 00 00 00 00 00 00 00 00 00 00 00 00 00 00 00 00 00 00 00 00 00 00 00 00 00 00 00 00 00 00 00
f0 00 20 2a 00 00 00 00 00 00 00 00 00 00 00 00 00 00 00 00 00 00 00 00 00 00 00 00 00 0f bf 00 00 03 01 00 00 10 4e 20 00 00 00 00 00 00 00 00 00 00 00 00 00 00 00 00 00 00 00 00 00 00 00 00





